5A135678
91700001  00 0000
0209 1B 0004 8002A1A1 02F0 263A


[5A 13 56 78 91 70 00 01 00 00 00 02 09 1B 00 04 80 02 A1 A1 02 F0 26 3A]


[5A 13 56 78 91 70 00 01 01 01 04 06 DE 11 00 30 03 06 00 DC 00 DB 00 DE 83 04 00 F5 00 B9 04 06 00 7D 00 AB 00 D8 84 02 00 50 01 02 03 54 81 02 03 E8 02 08 00 3D 00 3E 00 3B 00 3C 82 02 00 64 0D 8C 26 3A]


[
5A135678
91700001 01 0104
06DE 11 0030
03 06 00DC 00DB 00DE
83 04 00F5 00B9
04 06 007D 00AB 00D8
84 02 0050
01 02 0354
81 02 03E8
02 08 003D 003E 003B 003C
82 02 0064
0D8C
26 3A]


[5A 13 56 78 91 70 00 01 01 01 02 A6 00 11 00 24 02 10 00 3C 00 3C 00 3C 00 3C 00 3C 00 3C 00 3C 00 3C 82 10 00 64 00 64 00 64 00 64 00 64 00 64 00 64 00 64 07 85 26 3A]

[5A 13 56 78 18 02 08 01 03 01 02 06 00 11 00 14 02 08 00 3C 00 3C 00 3C 00 3C 82 08 00 64 00 64 00 64 00 64 03 68 26 3A]

5A 13 56 78 91 70 00 01 01 01 04 06 DE 11 00 30 03 06 00 DC 00 DB 00 DE
83 04 00 F5 00 B9 04 06 00 7D 00 AB 00 D8 84 02 00 50 01 02 03 54 81 02 03 E8 02 08
00 3D 00 3E 00 3B 00 3C 82 02 00 64 0D 8C 26 3A

[5A 13 56 78 91 70 00 01 01 01 01 0A 06 11 00 28 01 08 02 46 02 38 02 51 02 55 81 08 03 E8 03 E8 03 E8 03 E8 02 08 00 3C 00 3C 00 3C 00 3C 82 08 00 64 00 64 00 64 00 64 09 CC 26 3A]


[5A 13 56 78 91 70 00 01 00 00 00 02 09 1B 00 04 80 02 A1 A1 02 F0 26 3A]

[5A 13 56 78 91 70 00 01 01 01 04 06 DE 11 00 30 03 06 00 DC 00 DB 00 DE 83 04 00 F5 00 B9 04 06 00 7D 00 AB 00 D8 84 02 00 50 01 02 03 54 81 02 03 E8 02 08 00 3D 00 3E 00 3B 00 3C 82 02 00 64 0D 8C 26 3A]

[5A 13 56 78 18 02 08 02 01 00 96 02 09 11 00 5C 03 10 01 00 56 02 01 00 56 03 01 00 56 01 01 00 00 19 83 04 00 F5 00 B9 04 10 01 00 C3 5F 01 00 C3 5F 01 00 C3 5F 01 00 00 21 84 02 13 88 8B 02 00 64 0D 18 13 88 11 00 02 21 11 00 00 21 11 00 02 21 83 E8 00 00 31 18 00 00 01 35 01 02 02 87 81 02 03 E8 02 02 00 32 82 02 00 64 10 51 26 3A]

[5A 13 56 78 91 70 00 01 01 00 01 00 85 11 00 24 01 10 03 E9 02 38 03 E9 02 55 02 61 02 37 02 4B 03 E9 81 10 03 E8 03 E8 03 E8 03 E8 03 E8 03 E8 03 E8 03 E8 0D F6 26 3A]